((("1717" .
   [1 0 0 0])
  ("eq-x" .
   [1 0 0 0])
  ("-101" .
   [1 0 0 0])
  ("eq-c" .
   [1 0 0 0])
  ("tilfælde" .
   [2 0 0 0 0 0 0 0])
  ("bestemt" .
   [1 0 0 0 0 0 0])
  ("7" .
   [1])
  ("algoritme" .
   [0 0 0 0 1 0 0 0 0])
  ("Euclids" .
   [0 0 0 1 0 0 0])
  ("1" .
   [6])
  ("16" .
   [5 0])
  ("sfd" .
   [3 0 0])
  ("17" .
   [13 0])
  ("pmod" .
   [3 0 0 0])
  ("101" .
   [10 0 0])
  ("følgende" .
   [1 0 0 0 1 1 0 0])
  ("sdot" .
   [1 0 0 0])
  ("system" .
   [1 0 0 0 0 0])
  ("kongruensligninger" .
   [0 0 0 0 0 0 1 0 0 1 0 0 0 0 0 0 0 0])
  ("21" .
   [2 0])
  ("mod" .
   [3 0 0])
  ("equiv" .
   [2 0 1 0 2])
  ("align" .
   [7 0 0 0 0])
  ("Abstrakt" .
   [0 0 0 0 1 0 0 0])
  ("udregne" .
   [1 0 0 0 0 0 0])
  ("opgaver" .
   [1 0 0 0 0 0 0])
  ("klassen" .
   [1 0 0 0 0 0 0])
  ("benyttes" .
   [1 0 0 0 0 0 0 0])
  ("VisualChase" .
   [1 0 0 0 1 0 1 0 0 0 0])
  ("Chase" .
   [3 0 0 0 0])
  ("Klassen" .
   [2 0 0 0 0 0 0])
  ("PrintChase" .
   [0 0 0 0 0 1 1 1 0 0])
  ("Move" .
   [1 0 0 0])
  ("klasse" .
   [1 0 0 0 0 0])
  ("Predator" .
   [1 0 0 0 0 0 0 0])
  ("både" .
   [1 0 0 0])
  ("jagten" .
   [8 0 0 0 0 0])
  ("positioner" .
   [0 0 0 0 1 0 0 0 0 1])
  ("Repræsenterer" .
   [0 0 0 0 0 0 0 1 0 0 0 0 0])
  ("printPerson" .
   [0 0 0 0 0 0 0 0 0 1 0])
  ("Person" .
   [0 0 0 0 1 0])
  ("self" .
   [1 0 0 0])
  ("name" .
   [2 0 0 0])
  ("def" .
   [2 0 0])
  ("class" .
   [1 0 0 0 0])
  ("range" .
   [1 0 0 0 0])
  ("linie" .
   [1 0 0 0 0])
  ("mængde" .
   [0 0 0 0 0 1])
  ("første" .
   [1 0 0 0 0 0])
  ("inden" .
   [1 0 0 0 0])
  ("radius" .
   [1 0 0 0 0 0])
  ("forskudt" .
   [2 0 0 0 0 0 0 0])
  ("|z-3+i|<1" .
   [0 0 0 0 0 0 1 0 0])
  ("|z-3|<2" .
   [0 0 0 0 0 1 0])
  ("liggende" .
   [1 0 0 0 0 0 0 0])
  ("omkreds" .
   [3 0 0 0 0 0 0])
  ("ligger" .
   [2 0 0 0 0 0])
  ("punkter" .
   [1 0 0 0 0 0 0])
  ("derimod" .
   [1 0 0 0 0 0 0])
  ("punkterne" .
   [1 0 0 0 0 0 0 0 0])
  ("blot" .
   [1 0 0 0])
  ("opgave" .
   [2 0 0 0 0 0])
  ("dette" .
   [3 0 0 0 0])
  ("Dermed" .
   [2 0 0 0 0 0])
  ("variabel" .
   [1 0 0 0 0 0 0 0])
  ("værende" .
   [1 0 0 0 0 0 0])
  ("Re" .
   [1 0])
  ("simpelthen" .
   [1 0 0 0 0 0 0 0 0 0])
  ("behandler" .
   [1 0 0 0 0 0 0 0 0])
  ("-1" .
   [2 0])
  ("z" .
   [1])
  ("bliver" .
   [1 0 0 0 0 0])
  ("aksen" .
   [4 0 0 0 0])
  ("op" .
   [1 0])
  ("ned" .
   [1 0 0])
  ("e" .
   [4])
  ("plan" .
   [1 0 0 0])
  ("sige" .
   [2 0 0 0])
  ("samme" .
   [2 0 0 0 0])
  ("punktmængde" .
   [0 0 0 0 0 0 0 0 0 0 5])
  ("give" .
   [1 0 0 0])
  ("deres" .
   [1 0 0 0 0])
  ("når" .
   [1 0 0])
  ("altså" .
   [4 0 0 0 0])
  ("akse" .
   [2 0 0 0])
  ("imaginære" .
   [2 0 0 0 0 0 0 0 0])
  ("-1i" .
   [1 0 0])
  ("skal" .
   [2 0 0 0])
  ("z-1" .
   [2 0 0])
  ("ad" .
   [4 0])
  ("denne" .
   [3 0 0 0 0])
  ("del" .
   [1 0 0])
  ("imaginær" .
   [1 0 0 0 0 0 0 1])
  ("real" .
   [6 0 0 0])
  ("men" .
   [1 0 0])
  ("punktmængden" .
   [3 0 0 0 0 0 0 0 0 0 0 0])
  ("tænker" .
   [1 0 0 0 0 0])
  ("cirkel" .
   [3 0 0 0 0 1])
  ("v" .
   [3])
  ("beskriver" .
   [8 0 0 0 0 0 0 0 0])
  ("fordi" .
   [3 0 0 0 0])
  ("hvor" .
   [3 0 0 0])
  ("konstant" .
   [3 0 0 0 0 0 0 0])
  ("Arg" .
   [1 0 0])
  ("arg" .
   [1 0 0])
  ("modulus" .
   [6 0 0 0 1 0 0])
  ("givet" .
   [1 0 0 0 0])
  ("in" .
   [5 0])
  ("itemize" .
   [0 0 0 0 1 0 0])
  ("Opgave" .
   [0 0 0 1 0 0])
  ("section" .
   [2 0 0 2 0 0 0])
  ("12pt" .
   [4 0 0 0])
  ("vspace" .
   [3 0 0 0 0 0])
  ("pi" .
   [1 0])
  ("division" .
   [1 0 0 0 0 0 0 0])
  ("anden" .
   [2 0 0 0 0])
  ("på" .
   [13 0])
  ("sagt" .
   [1 0 0 0])
  ("vinkel" .
   [1 0 0 0 0 0])
  ("komplekse" .
   [3 0 0 0 0 0 0 0 0])
  ("to" .
   [7 0])
  ("der" .
   [2 0 0])
  ("præcis" .
   [1 0 0 0 1 0])
  ("Jeg" .
   [13 0 0])
  ("f" .
   [2])
  ("noindent" .
   [2 0 0 0 0 0 0 0])
  ("Først" .
   [2 0 0 0 0])
  ("finde" .
   [2 0 0 0 0])
  ("komplekst" .
   [2 0 0 0 0 1 0 0 0])
  ("som" .
   [21 0 0])
  ("4+1" .
   [1 0 0])
  ("Givet" .
   [1 0 0 0 0])
  ("cases" .
   [5 0 0 0 0])
  ("så" .
   [1 0])
  ("rødderne" .
   [1 0 0 0 0 0 0 0])
  ("overline" .
   [2 0 0 0 0 0 0 0])
  ("1=" .
   [2 0])
  ("bemærkes" .
   [0 0 0 1 0 0 0 0])
  ("3+i" .
   [0 0 1])
  ("Nu" .
   [1 0])
  ("3" .
   [1])
  ("matrix" .
   [1 0 0 0 0 0])
  ("caption" .
   [0 0 0 1 0 0 0])
  ("cdot" .
   [10 0 0 0])
  ("sqrt" .
   [0 0 1 1])
  ("og" .
   [18 0])
  ("til" .
   [5 0 0])
  ("finder" .
   [6 0 0 0 0 0])
  ("et" .
   [4 0])
  ("andengrads-polynomium" .
   [0 0 0 0 0 0 0 0 0 0 1 0 0 0 0 0 0 0 0 0 0])
  ("simpel" .
   [1 0 0 0 0 0])
  ("har" .
   [5 0 0])
  ("Altså" .
   [0 0 0 0 2])
  ("9" .
   [1])
  ("30" .
   [1 0])
  ("2" .
   [2])
  ("cline" .
   [2 0 0 0 0])
  ("vline" .
   [3 0 0 0 0])
  ("+20" .
   [1 0 0])
  ("-2z" .
   [1 0 0])
  ("substiturer" .
   [0 0 0 0 0 0 0 0 1 0 0])
  ("z+2" .
   [4 0 0])
  ("jeg" .
   [7 0 0])
  ("udnytter" .
   [2 0 0 0 0 0 0 0])
  ("polynomium" .
   [0 0 0 1 0 0 0 0 0 4])
  ("af" .
   [16 0])
  ("er" .
   [26 0])
  ("rødder" .
   [8 0 1 0 0 3])
  ("nu" .
   [8 0])
  ("subsection" .
   [0 0 0 1 0 2 0 0 0 4])
  ("rod" .
   [4 0 0])
  ("-2" .
   [3 0])
  ("-" .
   [1])
  ("server-add-client" .
   [0 0 0 0 0 0 0 0 1 0 0 0 0 0 0 0 0])
  ("server-start" .
   [0 0 0 0 0 0 1 0 0 0 0 0])
  ("ligningen" .
   [3 0 0 0 0 0 0 0 0])
  ("an" .
   [1 0])
  ("aligned" .
   [3 0 0 0 0 0 0])
  ("a" .
   [3])
  ("right" .
   [5 0 0 0 0])
  ("n+2" .
   [1 0 0])
  ("induktionsantagelse" .
   [0 0 0 0 0 0 1 0 0 0 0 0 0 0 0 0 0 0 0])
  ("Hurra" .
   [1 0 0 0 0])
  ("Dette" .
   [1 0 0 0 0])
  ("array" .
   [1 0 0 0 0])
  ("left" .
   [9 0 0 0])
  ("multline" .
   [1 0 0 1 1 0 0 0])
  ("overens" .
   [1 0 0 0 1 0 0])
  ("resultatet" .
   [1 0 0 0 0 0 0 0 0 0])
  ("fald" .
   [2 0 0 0])
  ("betyder" .
   [3 0 0 0 0 0 0])
  ("hvilket" .
   [5 0 0 0 0 0 0])
  ("dvs" .
   [1 0 0])
  ("summen" .
   [1 0 0 0 0 0])
  ("antages" .
   [1 0 0 0 0 0 0])
  ("kompakt" .
   [0 0 0 2 1 0 3])
  ("en" .
   [6 0])
  ("eq" .
   [6 0])
  ("antagelsen" .
   [4 0 0 0 0 0 0 0 0 0])
  ("derfor" .
   [5 0 0 0 0 0])
  ("sætningen" .
   [2 0 0 0 0 0 0 0 0])
  ("emph" .
   [7 0 0 0])
  ("går" .
   [2 0 0])
  ("ønskede" .
   [1 0 0 0 0 0 0])
  ("var" .
   [1 0 0])
  ("times" .
   [13 0 0 0 1])
  ("i=1" .
   [0 0 1])
  ("displaystyle" .
   [0 0 0 1 0 0 0 0 0 0 0 0])
  ("sum" .
   [3 0 0])
  ("equation*" .
   [17 0 4 2 0 0 0 0 10])
  ("Induktionsbasis" .
   [0 0 0 0 0 0 0 0 0 0 0 0 1 0 0])
  ("antagelse" .
   [1 0 0 0 2 0 0 0 4])
  ("naturlige" .
   [4 0 0 0 0 0 0 0 0])
  ("alle" .
   [9 0 0 0])
  ("hvis" .
   [3 0 0 0])
  ("n+1" .
   [7 0 0])
  ("gælder" .
   [9 0 0 0 0 1])
  ("at" .
   [27 0])
  ("Del" .
   [4 0 0])
  ("del-a" .
   [1 0 0 0 0])
  ("sec" .
   [1 0 0])
  ("is-monkey" .
   [0 0 1 0 0 0 0 0 0])
  ("add-to-list" .
   [0 0 0 0 0 0 1 0 0 0 0])
  ("load-path" .
   [0 0 0 0 0 0 0 0 1])
  ("begge" .
   [2 0 0 0 4])
  ("være" .
   [5 0 0 0])
  ("måde" .
   [2 0 0 0])
  ("for" .
   [26 0 0])
  ("frac" .
   [12 0 1 2])
  ("1+1" .
   [2 0 0])
  ("ved" .
   [11 0 0])
  ("værdierne" .
   [1 0 0 0 0 0 0 0 0])
  ("ikke" .
   [7 0 0 0])
  ("eller" .
   [5 0 0 0 0])
  ("Det" .
   [9 0 0])
  ("heller" .
   [1 0 0 0 0 0])
  ("prøver" .
   [1 0 0 1 0 0])
  ("med" .
   [20 0 0])
  ("tal" .
   [5 0 0])
  ("det" .
   [15 0 0])
  ("stemme" .
   [2 0 0 0 0 0])
  ("label" .
   [12 0 0 0 0])
  ("ref" .
   [14 0 0])
  ("eqs" .
   [1 0 0])
  ("antagelser" .
   [0 0 0 0 0 0 0 1 0 0])
  ("Derfor" .
   [6 0 0 0 0 0])
  ("sætter" .
   [1 0 0 0 0 0])
  ("l" .
   [4])
  ("også" .
   [6 0 0 0])
  ("have" .
   [1 0 0 0])
  ("b" .
   [6])
  ("b=1" .
   [1 0 0])
  ("tester" .
   [1 0 0 0 0 0])
  ("da" .
   [9 0])
  ("=14" .
   [1 0 0])
  ("=30" .
   [1 0 0])
  ("de" .
   [5 0])
  ("vil" .
   [3 0 0])
  ("vise" .
   [6 0 0 0])
  ("formel" .
   [5 0 0 0 0 1])
  ("begin" .
   [33 0 0 0 0])
  ("equation" .
   [4 0 2 2 6 1 0 5])
  ("end" .
   [9 0 0])
  ("align*" .
   [6 0 0 2 4 7])
  ("den" .
   [13 0 0])
  ("kompakt-formel" .
   [0 0 0 0 1 0 0 0 0 1 2 0 0 0])
  ("Da" .
   [2 0])
  ("stemmer" .
   [3 0 0 0 0 0 0])
  ("dermed" .
   [8 0 0 0 0 0])
  ("kompakte" .
   [1 0 0 0 0 0 0 0])
  ("mathbb" .
   [1 0 0 0 2 3])
  ("kan" .
   [9 0 0])
  ("private" .
   [2 0 0 0 0 0 0])
  ("int" .
   [12 0 0])
  ("return" .
   [3 0 0 0 0 0])
  ("void" .
   [1 0 0 0])
  ("this" .
   [7 0 0 0])
  ("Deck" .
   [7 0 0 0])
  ("new" .
   [1 0 0])
  ("FillDeck" .
   [0 0 0 1 0 0 0 0])
  ("Deal" .
   [2 0 0 0])
  ("System" .
   [2 0 0 0 0 0])
  ("out" .
   [1 0 0])
  ("print" .
   [2 0 0 0 0])
  ("TakeRandomCardFromDeck" .
   [0 0 0 0 1 0 0 0 0 0 0 0 0 0 0 0 0 0 0 0 0 0])
  ("cardIndex" .
   [0 0 0 0 0 2 0 0 0])
  ("public" .
   [0 0 1 0 0 0])
  ("import" .
   [2 0 0 0 0 0])
  ("i" .
   [1])
  ("java" .
   [1 0 0 0])
  ("ArrayList" .
   [1 0 0 0 0 1 0 0 0])
  ("image-type" .
   [0 0 0 0 0 0 0 0 0 1])
  ("image-type-available-p" .
   [0 0 0 0 0 0 0 0 0 0 0 0 0 1 0 0 0 0 0 0 0 0])
  ("png" .
   [1 0 0])
  ("alert" .
   [1 0 0 0 0])
  ("section*" .
   [1 0 0 0 0 0 0 0])
  ("dots" .
   [1 0 0 0])
  ("defineret" .
   [4 0 0 0 0 0 0 0 0])
  ("benytter" .
   [1 0 0 0 0 0 0 0])
  ("sætning" .
   [2 0 0 0 0 0 1])
  ("løsning" .
   [0 0 0 0 0 0 1])
  ("løsningsformel" .
   [0 0 0 0 0 0 0 0 0 0 0 0 0 1])
  ("5" .
   [1])
  ("bruger" .
   [2 0 0 0 0 0])
  ("talfølge" .
   [0 0 0 0 0 1 0 1])
  ("typen" .
   [2 0 0 0 0])
  ("gøre" .
   [2 0 0 0])
  ("Hvilken" .
   [1 0 0 0 0 0 0])
  ("infty" .
   [1 0 0 0 0])
  ("n" .
   [2])
  ("n=0" .
   [1 0 0])
  ("r" .
   [4])
  ("eq-p" .
   [1 0 0 0])
  ("fra" .
   [1 0 0])
  ("ovenstående" .
   [2 0 0 0 0 0 0 0 0 0 0])
  ("eq-a" .
   [2 0 0 0])
  ("eq-abe" .
   [2 0 0 0 0 0])
  ("A" .
   [1])
  ("rekursivt" .
   [0 0 0 0 0 1 0 0 0])
  ("1-4x+4x" .
   [0 0 0 0 1 0 0])
  ("8-19x" .
   [1 0 0 0 0])
  ("1-2x" .
   [1 0 0 0])
  ("opgaven" .
   [2 0 0 0 0 0 0])))
