((("models" .
   [6 0 0 0 0 0])
  ("get-num" .
   [0 0 0 0 1 0 0])
  ("data" .
   [2 0 0 0])
  ("diagonal-se-valid" .
   [0 0 0 0 0 1 0 0 0 0 0 0 0 0 0 0 0])
  ("slime-mode" .
   [0 0 0 0 0 0 0 0 0 1])
  ("yas-global-mode" .
   [0 0 0 0 0 0 0 0 0 0 0 0 0 0 1])
  ("cdots" .
   [2 0 0 0 0])
  ("an" .
   [1 0])
  ("anden" .
   [2 0 0 0 0])
  ("opfyldt" .
   [0 0 0 0 0 1 0])
  ("ækvivalente" .
   [0 0 1 0 0 0 0 0 0 0 0])
  ("logisk" .
   [1 0 0 0 0 0])
  ("kun" .
   [1 0 0])
  ("ens" .
   [1 0 0])
  ("biimplikation" .
   [0 0 0 0 2 0 0 0 0 0 0 0 2])
  ("Sandhedstabel" .
   [0 0 0 0 0 0 0 0 0 0 0 0 1])
  ("caption" .
   [1 0 0 0 0 0 0])
  ("|c|c|c|" .
   [0 0 0 0 0 0 1])
  ("sand" .
   [6 0 0 0])
  ("ville" .
   [2 0 0 0 0])
  ("den" .
   [3 0 0])
  ("til" .
   [1 0 0])
  ("korrekt" .
   [1 0 0 0 0 0 0])
  ("konklusionen" .
   [1 0 0 0 0 0 0 0 0 0 0 0])
  ("altså" .
   [1 0 0 0 0])
  ("Per" .
   [2 0 0])
  ("På" .
   [1 0])
  ("følger" .
   [1 0 0 0 0 0])
  ("dette" .
   [1 0 0 0 0])
  ("t" .
   [7])
  ("minipage" .
   [1 0 0 0 1 0 0 0])
  ("enumerate" .
   [0 0 0 2 0 0 0 0 0])
  ("sin" .
   [2 0 0])
  ("smadrer" .
   [0 0 0 1 0 0 0])
  ("løber" .
   [1 0 0 1 0])
  ("Hvis" .
   [8 0 0 0])
  ("Pers" .
   [1 0 0 0])
  ("derfor" .
   [4 0 0 0 0 0])
  ("formelle" .
   [1 0 0 0 0 1 0 1])
  ("leftrightarrow" .
   [0 0 0 1 0 2 0 0 0 0 0 0 0 4])
  ("præmis" .
   [1 0 0 1 1 1])
  ("sidste" .
   [2 0 0 0 0 0])
  ("tårn" .
   [5 0 0 0])
  ("sit" .
   [3 0 0])
  ("sluttes" .
   [2 0 0 0 0 0 0])
  ("dronning" .
   [3 0 0 0 1 0 1 0])
  ("skakbrættet" .
   [0 0 0 0 3 0 0 0 0 0 0])
  ("René" .
   [1 0 0 4])
  ("Den" .
   [6 0 0])
  ("slutningen" .
   [4 0 0 0 0 0 0 0 0 0])
  ("gør" .
   [1 0 0])
  ("kan" .
   [6 0 0])
  ("neg" .
   [17 0 0])
  ("centering" .
   [0 0 0 0 3 0 1 0 0])
  ("flytter" .
   [6 0 0 0 0 0 2])
  ("description" .
   [0 0 0 2 2 0 0 0 0 1 0])
  ("begin" .
   [7 0 0 0 0])
  ("vil" .
   [6 0 0])
  ("mellem" .
   [1 0 0 0 0 0])
  ("land" .
   [21 0 0 0])
  ("et" .
   [2 0])
  ("ugyldigt" .
   [0 0 0 1 0 0 0 0])
  ("findes" .
   [3 0 0 0 0 0])
  ("Der" .
   [1 0 0])
  ("exists" .
   [0 0 0 7 0 0])
  ("mindre" .
   [2 0 0 0 0 0])
  ("andre" .
   [5 0 0 0 0])
  ("gange" .
   [1 0 0 0 0])
  ("eneste" .
   [2 0 0 0 0 0])
  ("Det" .
   [10 0 0])
  ("tal" .
   [15 0 0])
  ("med" .
   [12 0 0])
  ("Alle" .
   [1 0 0 0])
  ("forall" .
   [3 0 0 0 3 0])
  ("emph" .
   [1 0 2 4])
  ("større" .
   [5 0 1 2 0 0])
  ("både" .
   [3 0 0 0])
  ("dansk" .
   [2 0 0 0 0])
  ("også" .
   [7 0 0 0])
  ("end" .
   [17 0 0])
  ("som" .
   [7 0 0])
  ("alle" .
   [7 0 0 0])
  ("under" .
   [1 0 0 0 0])
  ("kvadreret" .
   [0 0 0 1 1 0 1 0 0])
  ("selv" .
   [8 0 0 1])
  ("sig" .
   [6 0 0])
  ("lig" .
   [6 0 0])
  ("document" .
   [0 0 0 0 1 0 0 2])
  ("section*" .
   [0 0 0 5 0 0 0 0])
  ("Opgave" .
   [4 0 0 1 0 0])
  ("subsection*" .
   [0 0 0 3 3 3 0 0 0 0 5])
  ("er" .
   [25 0])
  ("en" .
   [4 0])
  ("af" .
   [10 0])
  ("de" .
   [2 0])
  ("og" .
   [21 0])
  ("begge" .
   [5 0 0 0 0])
  ("da" .
   [4 0])
  ("det" .
   [12 0 0])
  ("skal" .
   [4 0 0 0])
  ("være" .
   [14 0 0 0])
  ("at" .
   [22 0])
  ("Derfor" .
   [2 0 0 0 0 0])
  ("taler" .
   [2 0 0 0 0])
  ("sandt" .
   [5 0 0 0 1])
  ("der" .
   [8 0 0])
  ("ifølge" .
   [1 0 0 0 0 0])
  ("mindst" .
   [1 0 0 0 0 0])
  ("ridder" .
   [9 0 0 0 0 0])
  ("bonde" .
   [7 0 0 0 0])
  ("implies" .
   [1 0 0 0 0 0 0])
  ("to" .
   [38 0])
  ("har" .
   [2 0 0])
  ("kontradiktion" .
   [0 0 0 0 0 1 0 0 0 0 0 0 0])
  ("ikke" .
   [23 0 0 0])
  ("hvilket" .
   [4 0 0 0 0 0 0])
  ("falskt" .
   [2 0 0 0 0 0])
  ("for" .
   [4 0 0])
  ("tilfælde" .
   [3 0 0 0 0 2 0 0])
  ("hvis" .
   [15 0 0 0])
  ("ref" .
   [2 0 0])
  ("label" .
   [1 0 0 0 0])
  ("truth-a1" .
   [0 0 0 2 0 0 0 0])
  ("table" .
   [3 0 0 0 0])
  ("tabular" .
   [1 0 0 0 2 2 0])
  ("hline" .
   [5 0 0 0 0])
  ("lnot" .
   [3 0 0 0])
  ("usepackage" .
   [0 0 0 0 1 0 0 0 0 0])
  ("lor" .
   [6 0 0])
  ("skrives" .
   [1 0 0 0 0 0 0])
  ("løgn" .
   [2 0 0 0])
  ("Første" .
   [1 0 0 0 0 0])
  ("således" .
   [1 0 0 0 0 0 0])
  ("ud" .
   [1 0])
  ("riddere" .
   [3 0 0 0 0 0 0])
  ("præmisser" .
   [1 0 0 0 0 0 0 0 0])
  ("bliver" .
   [2 0 0 0 0 0])
  ("siger" .
   [3 0 0 0 0])
  ("så" .
   [2 0])
  ("fald" .
   [1 0 0 0])
  ("<to" .
   [1 0 0])
  ("oplus" .
   [1 0 0 0 0])
  ("lyver" .
   [1 0 0 0 0])
  ("tale" .
   [1 0 0 0])
  ("eller" .
   [2 0 0 0 0])
  ("v" .
   [2])
  ("hinanden" .
   [1 0 0 0 0 0 0 0])
  ("betyder" .
   [1 0 0 0 0 0 0])
  ("samlede" .
   [1 0 0 0 0 0 0])
  ("slutning" .
   [1 0 0 0 0 0 0 0])
  ("sandhedstabel" .
   [0 0 0 0 0 0 0 0 0 0 0 0 1])
  ("Sandhedstabellen" .
   [0 0 0 0 1 0 0 0 1 0 0 0 0 0 0 0])
  ("bønder" .
   [1 0 0 0 0 0])
  ("s" .
   [2])
  ("formlen" .
   [2 0 0 0 0 0 0])
  ("jeg" .
   [1 0 0])
  ("kannibal" .
   [2 0 0 0 0 0 0 0])
  ("gøre" .
   [1 0 0 0])
  ("han" .
   [3 0 0])
  ("dermed" .
   [3 0 0 0 0 0])
  ("kannibaler" .
   [1 0 0 0 0 0 0 0 0 0])
  ("hvad" .
   [1 0 0 0])
  ("closed" .
   [1 0 0 0 0 0])
  ("*" .
   [1])
  ("/Users/" .
   [0 0 1 0 0 0 0])
  ("fordi" .
   [5 0 0 0 0])
  ("mathbb" .
   [3 0 0 0 0 0])
  ("kunne" .
   [1 0 0 0 0])
  ("heltal" .
   [2 0 0 0 0 0])
  ("reelt" .
   [1 0 0 0 0])
  ("n" .
   [1])
  ("l" .
   [1])
  ("reelle" .
   [2 0 0 0 0 0])
  ("add-hook" .
   [0 0 0 0 0 0 0 2])
  ("lambda" .
   [0 0 0 1 1 0])
  ("defun" .
   [3 0 0 0 1])
  ("yas/dropdown-prompt" .
   [0 0 0 0 0 0 0 0 1 0 0 0 0 0 0 0 0 0 0])
  ("diagonal-ne-valid" .
   [0 0 0 0 1 0 0 0 0 0 0 0 0 0 0 0 0])
  ("and" .
   [2 0 0])
  ("min" .
   [1 0 0])
  ("max" .
   [2 0 0])
  ("when" .
   [1 0 0 0])
  ("is-valid-loc" .
   [0 0 0 0 2 0 0 0 0 0 0 0])
  ("function" .
   [3 0 0 0 0 0 0 0])
  ("Model" .
   [1 0 0 1 0])
  ("ForeignKey" .
   [0 0 0 1 0 0 0 0 0 0])
  ("from" .
   [1 0 0 0])
  ("django" .
   [1 0 1 0 0 0])
  ("del" .
   [0 0 1])
  ("return" .
   [3 0 0 0 0 0])
  ("name" .
   [0 0 1 0])
  ("objects" .
   [0 0 1 1 0 0 0])
  ("self" .
   [6 0 0 0])
  ("or" .
   [1 0])
  ("IPAddressField" .
   [0 0 1 0 0 0 0 0 0 0 0 0 0 0])
  ("def" .
   [1 0 0])
  ("Cookie" .
   [0 0 0 0 0 1])
  ("cookie" .
   [1 0 0 0 0 0])
  ("var" .
   [1 0 0])
  ("console" .
   [1 0 0 0 0 0 0])
  ("saved" .
   [3 0 0 0 0])
  ("null" .
   [1 0 0 0])
  ("path" .
   [1 0 0 0])))
